[[3, 0]]
[[3, 0], [7, 1]]
[[3, 0], [7, 1], [0, 2]]
[[3, 0], [7, 1], [0, 2], [4, 3]]
[[3, 0], [7, 1], [0, 2], [4, 3], [1, 4]]
[[3, 0], [7, 1], [0, 2], [4, 3], [1, 4], [5, 5]]
1 times error!
[[7, 0]]
[[7, 0], [1, 1]]
[[7, 0], [1, 1], [6, 2]]
[[7, 0], [1, 1], [6, 2], [2, 3]]
[[7, 0], [1, 1], [6, 2], [2, 3], [0, 4]]
2 times error!
[[5, 0]]
[[5, 0], [3, 1]]
[[5, 0], [3, 1], [1, 2]]
[[5, 0], [3, 1], [1, 2], [4, 3]]
[[5, 0], [3, 1], [1, 2], [4, 3], [2, 4]]
3 times error!
[[2, 0]]
[[2, 0], [0, 1]]
[[2, 0], [0, 1], [5, 2]]
[[2, 0], [0, 1], [5, 2], [3, 3]]
[[2, 0], [0, 1], [5, 2], [3, 3], [1, 4]]
[[2, 0], [0, 1], [5, 2], [3, 3], [1, 4], [6, 5]]
[[2, 0], [0, 1], [5, 2], [3, 3], [1, 4], [6, 5], [4, 6]]
4 times error!
[[7, 0]]
[[7, 0], [4, 1]]
[[7, 0], [4, 1], [0, 2]]
[[7, 0], [4, 1], [0, 2], [5, 3]]
5 times error!
[[0, 0]]
[[0, 0], [4, 1]]
[[0, 0], [4, 1], [1, 2]]
[[0, 0], [4, 1], [1, 2], [7, 3]]
[[0, 0], [4, 1], [1, 2], [7, 3], [5, 4]]
[[0, 0], [4, 1], [1, 2], [7, 3], [5, 4], [2, 5]]
6 times error!
[[5, 0]]
[[5, 0], [3, 1]]
[[5, 0], [3, 1], [0, 2]]
[[5, 0], [3, 1], [0, 2], [6, 3]]
[[5, 0], [3, 1], [0, 2], [6, 3], [4, 4]]
[[5, 0], [3, 1], [0, 2], [6, 3], [4, 4], [2, 5]]
[[5, 0], [3, 1], [0, 2], [6, 3], [4, 4], [2, 5], [7, 6]]
7 times error!
[[7, 0]]
[[7, 0], [4, 1]]
[[7, 0], [4, 1], [6, 2]]
[[7, 0], [4, 1], [6, 2], [3, 3]]
[[7, 0], [4, 1], [6, 2], [3, 3], [5, 4]]
8 times error!
[[3, 0]]
[[3, 0], [7, 1]]
[[3, 0], [7, 1], [4, 2]]
[[3, 0], [7, 1], [4, 2], [1, 3]]
[[3, 0], [7, 1], [4, 2], [1, 3], [5, 4]]
[[3, 0], [7, 1], [4, 2], [1, 3], [5, 4], [2, 5]]
[[3, 0], [7, 1], [4, 2], [1, 3], [5, 4], [2, 5], [6, 6]]
9 times error!
[[2, 0]]
[[2, 0], [4, 1]]
[[2, 0], [4, 1], [1, 2]]
[[2, 0], [4, 1], [1, 2], [7, 3]]
[[2, 0], [4, 1], [1, 2], [7, 3], [5, 4]]
[[2, 0], [4, 1], [1, 2], [7, 3], [5, 4], [3, 5]]
[[2, 0], [4, 1], [1, 2], [7, 3], [5, 4], [3, 5], [6, 6]]
[[2, 0], [4, 1], [1, 2], [7, 3], [5, 4], [3, 5], [6, 6], [0, 7]]
