スクリプトは 2015年07月07日 17時41分43秒
 に開始しました
$ python watch_try_and_error.py
Eight Queen Start!
[[3, 0]]
[[3, 0], [7, 1]]
[[3, 0], [7, 1], [0, 2]]
[[3, 0], [7, 1], [0, 2], [4, 3]]
[[3, 0], [7, 1], [0, 2], [4, 3], [1, 4]]
[[3, 0], [7, 1], [0, 2], [4, 3], [1, 4], [5, 5]]
1 Times Fault!
[[7, 0]]
[[7, 0], [1, 1]]
[[7, 0], [1, 1], [3, 2]]
[[7, 0], [1, 1], [3, 2], [6, 3]]
[[7, 0], [1, 1], [3, 2], [6, 3], [2, 4]]
2 Times Fault!
[[3, 0]]
[[3, 0], [7, 1]]
[[3, 0], [7, 1], [2, 2]]
[[3, 0], [7, 1], [2, 2], [4, 3]]
[[3, 0], [7, 1], [2, 2], [4, 3], [1, 4]]
3 Times Fault!
[[5, 0]]
[[5, 0], [1, 1]]
[[5, 0], [1, 1], [6, 2]]
[[5, 0], [1, 1], [6, 2], [4, 3]]
[[5, 0], [1, 1], [6, 2], [4, 3], [2, 4]]
[[5, 0], [1, 1], [6, 2], [4, 3], [2, 4], [7, 5]]
[[5, 0], [1, 1], [6, 2], [4, 3], [2, 4], [7, 5], [3, 6]]
4 Times Fault!
[[7, 0]]
[[7, 0], [2, 1]]
[[7, 0], [2, 1], [4, 2]]
[[7, 0], [2, 1], [4, 2], [6, 3]]
[[7, 0], [2, 1], [4, 2], [6, 3], [1, 4]]
[[7, 0], [2, 1], [4, 2], [6, 3], [1, 4], [3, 5]]
[[7, 0], [2, 1], [4, 2], [6, 3], [1, 4], [3, 5], [5, 6]]
5 Times Fault!
[[2, 0]]
[[2, 0], [7, 1]]
[[2, 0], [7, 1], [5, 2]]
[[2, 0], [7, 1], [5, 2], [0, 3]]
6 Times Fault!
[[2, 0]]
[[2, 0], [4, 1]]
[[2, 0], [4, 1], [6, 2]]
[[2, 0], [4, 1], [6, 2], [3, 3]]
[[2, 0], [4, 1], [6, 2], [3, 3], [0, 4]]
7 Times Fault!
[[6, 0]]
[[6, 0], [3, 1]]
[[6, 0], [3, 1], [0, 2]]
[[6, 0], [3, 1], [0, 2], [4, 3]]
[[6, 0], [3, 1], [0, 2], [4, 3], [1, 4]]
[[6, 0], [3, 1], [0, 2], [4, 3], [1, 4], [5, 5]]
[[6, 0], [3, 1], [0, 2], [4, 3], [1, 4], [5, 5], [2, 6]]
8 Times Fault!
[[2, 0]]
[[2, 0], [7, 1]]
[[2, 0], [7, 1], [1, 2]]
[[2, 0], [7, 1], [1, 2], [3, 3]]
[[2, 0], [7, 1], [1, 2], [3, 3], [5, 4]]
[[2, 0], [7, 1], [1, 2], [3, 3], [5, 4], [0, 5]]
[[2, 0], [7, 1], [1, 2], [3, 3], [5, 4], [0, 5], [4, 6]]
9 Times Fault!
[[2, 0]]
[[2, 0], [5, 1]]
[[2, 0], [5, 1], [3, 2]]
[[2, 0], [5, 1], [3, 2], [1, 3]]
[[2, 0], [5, 1], [3, 2], [1, 3], [7, 4]]
[[2, 0], [5, 1], [3, 2], [1, 3], [7, 4], [4, 5]]
[[2, 0], [5, 1], [3, 2], [1, 3], [7, 4], [4, 5], [6, 6]]
After 9 times Fault, Now Success!
[[2, 0], [5, 1], [3, 2], [1, 3], [7, 4], [4, 5], [6, 6], [0, 7]]
$ exit

スクリプトは 2015年07月07日 17時42分29秒
 に終了しました
